0 0 1 1.999942e+00 
1 0 1 2.000058e+00 
2 0 1 2.000179e+00 
3 0 1 2.000316e+00 
4 0 1 2.000482e+00 
5 0 1 2.000691e+00 
6 0 1 2.000958e+00 
7 0 1 2.001298e+00 
8 0 1 2.001726e+00 
9 0 1 2.002259e+00 
10 0 1 2.002913e+00 
11 0 1 2.003709e+00 
12 0 1 2.004667e+00 
13 0 1 2.005790e+00 
14 0 1 2.007001e+00 
15 0 1 2.007839e+00 
16 0 1 2.006248e+00 
17 0 1 1.994040e+00 
18 0 1 1.944703e+00 
19 0 1 1.806329e+00 
20 0 1 1.557886e+00 
21 0 1 1.287951e+00 
22 0 1 1.110816e+00 
23 0 1 1.036474e+00 
24 0 1 1.013653e+00 
25 0 1 1.007723e+00 
26 0 1 1.006168e+00 
27 0 1 1.005542e+00 
28 0 1 1.005054e+00 
29 0 1 1.004572e+00 
30 0 1 1.004098e+00 
31 0 1 1.003649e+00 
32 0 1 1.003234e+00 
33 0 1 1.002858e+00 
34 0 1 1.002520e+00 
35 0 1 1.002217e+00 
36 0 1 1.001946e+00 
37 0 1 1.001703e+00 
38 0 1 1.001485e+00 
39 0 1 1.001288e+00 
40 0 1 1.001109e+00 
41 0 1 1.000945e+00 
42 0 1 1.000795e+00 
43 0 1 1.000655e+00 
44 0 1 1.000525e+00 
45 0 1 1.000401e+00 
46 0 1 1.000283e+00 
47 0 1 1.000168e+00 
48 0 1 1.000056e+00 
49 0 1 9.999442e-01 

0 1 1 1.999942e+00 
1 1 1 2.000058e+00 
2 1 1 2.000179e+00 
3 1 1 2.000316e+00 
4 1 1 2.000482e+00 
5 1 1 2.000691e+00 
6 1 1 2.000958e+00 
7 1 1 2.001298e+00 
8 1 1 2.001726e+00 
9 1 1 2.002259e+00 
10 1 1 2.002913e+00 
11 1 1 2.003709e+00 
12 1 1 2.004667e+00 
13 1 1 2.005790e+00 
14 1 1 2.007001e+00 
15 1 1 2.007839e+00 
16 1 1 2.006248e+00 
17 1 1 1.994040e+00 
18 1 1 1.944703e+00 
19 1 1 1.806329e+00 
20 1 1 1.557886e+00 
21 1 1 1.287951e+00 
22 1 1 1.110816e+00 
23 1 1 1.036474e+00 
24 1 1 1.013653e+00 
25 1 1 1.007723e+00 
26 1 1 1.006168e+00 
27 1 1 1.005542e+00 
28 1 1 1.005054e+00 
29 1 1 1.004572e+00 
30 1 1 1.004098e+00 
31 1 1 1.003649e+00 
32 1 1 1.003234e+00 
33 1 1 1.002858e+00 
34 1 1 1.002520e+00 
35 1 1 1.002217e+00 
36 1 1 1.001946e+00 
37 1 1 1.001703e+00 
38 1 1 1.001485e+00 
39 1 1 1.001288e+00 
40 1 1 1.001109e+00 
41 1 1 1.000945e+00 
42 1 1 1.000795e+00 
43 1 1 1.000655e+00 
44 1 1 1.000525e+00 
45 1 1 1.000401e+00 
46 1 1 1.000283e+00 
47 1 1 1.000168e+00 
48 1 1 1.000056e+00 
49 1 1 9.999442e-01 

0 2 1 1.999949e+00 
1 2 1 2.000051e+00 
2 2 1 2.000160e+00 
3 2 1 2.000284e+00 
4 2 1 2.000437e+00 
5 2 1 2.000633e+00 
6 2 1 2.000885e+00 
7 2 1 2.001209e+00 
8 2 1 2.001618e+00 
9 2 1 2.002127e+00 
10 2 1 2.002751e+00 
11 2 1 2.003501e+00 
12 2 1 2.004385e+00 
13 2 1 2.005396e+00 
14 2 1 2.006437e+00 
15 2 1 2.007070e+00 
16 2 1 2.005458e+00 
17 2 1 1.994346e+00 
18 2 1 1.948837e+00 
19 2 1 1.813699e+00 
20 2 1 1.559889e+00 
21 2 1 1.281962e+00 
22 2 1 1.105198e+00 
23 2 1 1.035365e+00 
24 2 1 1.014662e+00 
25 2 1 1.008798e+00 
26 2 1 1.006825e+00 
27 2 1 1.005861e+00 
28 2 1 1.005180e+00 
29 2 1 1.004602e+00 
30 2 1 1.004084e+00 
31 2 1 1.003617e+00 
32 2 1 1.003197e+00 
33 2 1 1.002821e+00 
34 2 1 1.002485e+00 
35 2 1 1.002186e+00 
36 2 1 1.001918e+00 
37 2 1 1.001679e+00 
38 2 1 1.001464e+00 
39 2 1 1.001269e+00 
40 2 1 1.001093e+00 
41 2 1 1.000932e+00 
42 2 1 1.000784e+00 
43 2 1 1.000646e+00 
44 2 1 1.000518e+00 
45 2 1 1.000396e+00 
46 2 1 1.000279e+00 
47 2 1 1.000166e+00 
48 2 1 1.000055e+00 
49 2 1 9.999449e-01 

0 3 1 1.999961e+00 
1 3 1 2.000039e+00 
2 3 1 2.000123e+00 
3 3 1 2.000222e+00 
4 3 1 2.000350e+00 
5 3 1 2.000518e+00 
6 3 1 2.000741e+00 
7 3 1 2.001034e+00 
8 3 1 2.001410e+00 
9 3 1 2.001883e+00 
10 3 1 2.002460e+00 
11 3 1 2.003149e+00 
12 3 1 2.003946e+00 
13 3 1 2.004833e+00 
14 3 1 2.005708e+00 
15 3 1 2.006199e+00 
16 3 1 2.004797e+00 
17 3 1 1.995247e+00 
18 3 1 1.953580e+00 
19 3 1 1.820865e+00 
20 3 1 1.562005e+00 
21 3 1 1.277167e+00 
22 3 1 1.100380e+00 
23 3 1 1.034049e+00 
24 3 1 1.015203e+00 
25 3 1 1.009586e+00 
26 3 1 1.007356e+00 
27 3 1 1.006123e+00 
28 3 1 1.005265e+00 
29 3 1 1.004590e+00 
30 3 1 1.004025e+00 
31 3 1 1.003540e+00 
32 3 1 1.003116e+00 
33 3 1 1.002743e+00 
34 3 1 1.002414e+00 
35 3 1 1.002122e+00 
36 3 1 1.001862e+00 
37 3 1 1.001630e+00 
38 3 1 1.001421e+00 
39 3 1 1.001233e+00 
40 3 1 1.001062e+00 
41 3 1 1.000906e+00 
42 3 1 1.000762e+00 
43 3 1 1.000629e+00 
44 3 1 1.000504e+00 
45 3 1 1.000385e+00 
46 3 1 1.000272e+00 
47 3 1 1.000162e+00 
48 3 1 1.000054e+00 
49 3 1 9.999464e-01 

0 4 1 1.999978e+00 
1 4 1 2.000022e+00 
2 4 1 2.000070e+00 
3 4 1 2.000133e+00 
4 4 1 2.000221e+00 
5 4 1 2.000348e+00 
6 4 1 2.000528e+00 
7 4 1 2.000777e+00 
8 4 1 2.001107e+00 
9 4 1 2.001533e+00 
10 4 1 2.002059e+00 
11 4 1 2.002690e+00 
12 4 1 2.003416e+00 
13 4 1 2.004211e+00 
14 4 1 2.004993e+00 
15 4 1 2.005468e+00 
16 4 1 2.004401e+00 
17 4 1 1.996113e+00 
18 4 1 1.956968e+00 
19 4 1 1.826108e+00 
20 4 1 1.564970e+00 
21 4 1 1.275847e+00 
22 4 1 1.097926e+00 
23 4 1 1.032876e+00 
24 4 1 1.014999e+00 
25 4 1 1.009673e+00 
26 4 1 1.007432e+00 
27 4 1 1.006117e+00 
28 4 1 1.005188e+00 
29 4 1 1.004471e+00 
30 4 1 1.003889e+00 
31 4 1 1.003401e+00 
32 4 1 1.002984e+00 
33 4 1 1.002622e+00 
34 4 1 1.002306e+00 
35 4 1 1.002026e+00 
36 4 1 1.001778e+00 
37 4 1 1.001557e+00 
38 4 1 1.001359e+00 
39 4 1 1.001180e+00 
40 4 1 1.001017e+00 
41 4 1 1.000868e+00 
42 4 1 1.000731e+00 
43 4 1 1.000603e+00 
44 4 1 1.000483e+00 
45 4 1 1.000370e+00 
46 4 1 1.000261e+00 
47 4 1 1.000155e+00 
48 4 1 1.000051e+00 
49 4 1 9.999485e-01 

0 5 1 2.000000e+00 
1 5 1 2.000000e+00 
2 5 1 2.000003e+00 
3 5 1 2.000018e+00 
4 5 1 2.000054e+00 
5 5 1 2.000125e+00 
6 5 1 2.000247e+00 
7 5 1 2.000436e+00 
8 5 1 2.000710e+00 
9 5 1 2.001081e+00 
10 5 1 2.001553e+00 
11 5 1 2.002130e+00 
12 5 1 2.002804e+00 
13 5 1 2.003542e+00 
14 5 1 2.004279e+00 
15 5 1 2.004791e+00 
16 5 1 2.003990e+00 
17 5 1 1.996452e+00 
18 5 1 1.958917e+00 
19 5 1 1.830298e+00 
20 5 1 1.569526e+00 
21 5 1 1.277714e+00 
22 5 1 1.097319e+00 
23 5 1 1.031785e+00 
24 5 1 1.014200e+00 
25 5 1 1.009150e+00 
26 5 1 1.007058e+00 
27 5 1 1.005811e+00 
28 5 1 1.004916e+00 
29 5 1 1.004220e+00 
30 5 1 1.003659e+00 
31 5 1 1.003192e+00 
32 5 1 1.002796e+00 
33 5 1 1.002456e+00 
34 5 1 1.002160e+00 
35 5 1 1.001899e+00 
36 5 1 1.001668e+00 
37 5 1 1.001462e+00 
38 5 1 1.001277e+00 
39 5 1 1.001110e+00 
40 5 1 1.000957e+00 
41 5 1 1.000818e+00 
42 5 1 1.000689e+00 
43 5 1 1.000569e+00 
44 5 1 1.000456e+00 
45 5 1 1.000349e+00 
46 5 1 1.000246e+00 
47 5 1 1.000147e+00 
48 5 1 1.000049e+00 
49 5 1 9.999513e-01 

0 6 1 2.000026e+00 
1 6 1 1.999974e+00 
2 6 1 1.999924e+00 
3 6 1 1.999881e+00 
4 6 1 1.999852e+00 
5 6 1 1.999851e+00 
6 6 1 1.999897e+00 
7 6 1 2.000011e+00 
8 6 1 2.000216e+00 
9 6 1 2.000524e+00 
10 6 1 2.000939e+00 
11 6 1 2.001470e+00 
12 6 1 2.002111e+00 
13 6 1 2.002813e+00 
14 6 1 2.003513e+00 
15 6 1 2.004026e+00 
16 6 1 2.003327e+00 
17 6 1 1.996161e+00 
18 6 1 1.959944e+00 
19 6 1 1.834372e+00 
20 6 1 1.575803e+00 
21 6 1 1.281913e+00 
22 6 1 1.097860e+00 
23 6 1 1.030694e+00 
24 6 1 1.012997e+00 
25 6 1 1.008195e+00 
26 6 1 1.006335e+00 
27 6 1 1.005249e+00 
28 6 1 1.004460e+00 
29 6 1 1.003839e+00 
30 6 1 1.003333e+00 
31 6 1 1.002912e+00 
32 6 1 1.002554e+00 
33 6 1 1.002246e+00 
34 6 1 1.001978e+00 
35 6 1 1.001742e+00 
36 6 1 1.001533e+00 
37 6 1 1.001346e+00 
38 6 1 1.001177e+00 
39 6 1 1.001025e+00 
40 6 1 1.000885e+00 
41 6 1 1.000757e+00 
42 6 1 1.000639e+00 
43 6 1 1.000528e+00 
44 6 1 1.000424e+00 
45 6 1 1.000325e+00 
46 6 1 1.000229e+00 
47 6 1 1.000136e+00 
48 6 1 1.000045e+00 
49 6 1 9.999547e-01 

0 7 1 2.000053e+00 
1 7 1 1.999947e+00 
2 7 1 1.999839e+00 
3 7 1 1.999729e+00 
4 7 1 1.999622e+00 
5 7 1 1.999531e+00 
6 7 1 1.999479e+00 
7 7 1 1.999497e+00 
8 7 1 1.999617e+00 
9 7 1 1.999853e+00 
10 7 1 2.000207e+00 
11 7 1 2.000710e+00 
12 7 1 2.001351e+00 
13 7 1 2.002027e+00 
14 7 1 2.002671e+00 
15 7 1 2.003117e+00 
16 7 1 2.002367e+00 
17 7 1 1.995373e+00 
18 7 1 1.960503e+00 
19 7 1 1.838719e+00 
20 7 1 1.583495e+00 
21 7 1 1.287700e+00 
22 7 1 1.099109e+00 
23 7 1 1.029594e+00 
24 7 1 1.011545e+00 
25 7 1 1.006963e+00 
26 7 1 1.005369e+00 
27 7 1 1.004494e+00 
28 7 1 1.003858e+00 
29 7 1 1.003348e+00 
30 7 1 1.002925e+00 
31 7 1 1.002567e+00 
32 7 1 1.002261e+00 
33 7 1 1.001996e+00 
34 7 1 1.001764e+00 
35 7 1 1.001558e+00 
36 7 1 1.001375e+00 
37 7 1 1.001211e+00 
38 7 1 1.001062e+00 
39 7 1 1.000926e+00 
40 7 1 1.000802e+00 
41 7 1 1.000687e+00 
42 7 1 1.000581e+00 
43 7 1 1.000481e+00 
44 7 1 1.000386e+00 
45 7 1 1.000296e+00 
46 7 1 1.000209e+00 
47 7 1 1.000125e+00 
48 7 1 1.000041e+00 
49 7 1 9.999586e-01 

0 8 1 2.000079e+00 
1 8 1 1.999920e+00 
2 8 1 1.999755e+00 
3 8 1 1.999575e+00 
4 8 1 1.999377e+00 
5 8 1 1.999172e+00 
6 8 1 1.998990e+00 
7 8 1 1.998879e+00 
8 8 1 1.998892e+00 
9 8 1 1.999044e+00 
10 8 1 1.999335e+00 
11 8 1 1.999856e+00 
12 8 1 2.000550e+00 
13 8 1 2.001208e+00 
14 8 1 2.001776e+00 
15 8 1 2.002096e+00 
16 8 1 2.001201e+00 
17 8 1 1.994301e+00 
18 8 1 1.960857e+00 
19 8 1 1.843313e+00 
20 8 1 1.592098e+00 
21 8 1 1.294500e+00 
22 8 1 1.100841e+00 
23 8 1 1.028533e+00 
24 8 1 1.009976e+00 
25 8 1 1.005581e+00 
26 8 1 1.004260e+00 
27 8 1 1.003613e+00 
28 8 1 1.003152e+00 
29 8 1 1.002774e+00 
30 8 1 1.002451e+00 
31 8 1 1.002172e+00 
32 8 1 1.001928e+00 
33 8 1 1.001713e+00 
34 8 1 1.001523e+00 
35 8 1 1.001353e+00 
36 8 1 1.001199e+00 
37 8 1 1.001060e+00 
38 8 1 1.000933e+00 
39 8 1 1.000817e+00 
40 8 1 1.000709e+00 
41 8 1 1.000610e+00 
42 8 1 1.000516e+00 
43 8 1 1.000428e+00 
44 8 1 1.000344e+00 
45 8 1 1.000264e+00 
46 8 1 1.000187e+00 
47 8 1 1.000111e+00 
48 8 1 1.000037e+00 
49 8 1 9.999630e-01 

0 9 1 2.000099e+00 
1 9 1 1.999901e+00 
2 9 1 1.999687e+00 
3 9 1 1.999439e+00 
4 9 1 1.999138e+00 
5 9 1 1.998790e+00 
6 9 1 1.998431e+00 
7 9 1 1.998137e+00 
8 9 1 1.998005e+00 
9 9 1 1.998044e+00 
10 9 1 1.998290e+00 
11 9 1 1.998924e+00 
12 9 1 1.999751e+00 
13 9 1 2.000408e+00 
14 9 1 2.000891e+00 
15 9 1 2.001057e+00 
16 9 1 1.999976e+00 
17 9 1 1.993147e+00 
18 9 1 1.961143e+00 
19 9 1 1.847954e+00 
20 9 1 1.601057e+00 
21 9 1 1.301840e+00 
22 9 1 1.102927e+00 
23 9 1 1.027583e+00 
24 9 1 1.008407e+00 
25 9 1 1.004156e+00 
26 9 1 1.003091e+00 
27 9 1 1.002671e+00 
28 9 1 1.002389e+00 
29 9 1 1.002150e+00 
30 9 1 1.001935e+00 
31 9 1 1.001741e+00 
32 9 1 1.001566e+00 
33 9 1 1.001407e+00 
34 9 1 1.001262e+00 
35 9 1 1.001130e+00 
36 9 1 1.001009e+00 
37 9 1 1.000897e+00 
38 9 1 1.000794e+00 
39 9 1 1.000698e+00 
40 9 1 1.000609e+00 
41 9 1 1.000525e+00 
42 9 1 1.000446e+00 
43 9 1 1.000371e+00 
44 9 1 1.000299e+00 
45 9 1 1.000230e+00 
46 9 1 1.000163e+00 
47 9 1 1.000097e+00 
48 9 1 1.000032e+00 
49 9 1 9.999678e-01 

0 10 1 2.000106e+00 
1 10 1 1.999894e+00 
2 10 1 1.999655e+00 
3 10 1 1.999354e+00 
4 10 1 1.998947e+00 
5 10 1 1.998419e+00 
6 10 1 1.997808e+00 
7 10 1 1.997232e+00 
8 10 1 1.996880e+00 
9 10 1 1.996741e+00 
10 10 1 1.997020e+00 
11 10 1 1.997963e+00 
12 10 1 1.999021e+00 
13 10 1 1.999696e+00 
14 10 1 2.000103e+00 
15 10 1 2.000105e+00 
16 10 1 1.998835e+00 
17 10 1 1.992074e+00 
18 10 1 1.961434e+00 
19 10 1 1.852426e+00 
20 10 1 1.609869e+00 
21 10 1 1.309307e+00 
22 10 1 1.105264e+00 
23 10 1 1.026816e+00 
24 10 1 1.006940e+00 
25 10 1 1.002777e+00 
26 10 1 1.001935e+00 
27 10 1 1.001722e+00 
28 10 1 1.001610e+00 
29 10 1 1.001507e+00 
30 10 1 1.001400e+00 
31 10 1 1.001292e+00 
32 10 1 1.001187e+00 
33 10 1 1.001085e+00 
34 10 1 1.000988e+00 
35 10 1 1.000896e+00 
36 10 1 1.000809e+00 
37 10 1 1.000726e+00 
38 10 1 1.000648e+00 
39 10 1 1.000574e+00 
40 10 1 1.000503e+00 
41 10 1 1.000436e+00 
42 10 1 1.000372e+00 
43 10 1 1.000310e+00 
44 10 1 1.000251e+00 
45 10 1 1.000193e+00 
46 10 1 1.000137e+00 
47 10 1 1.000082e+00 
48 10 1 1.000027e+00 
49 10 1 9.999728e-01 

0 11 1 2.000087e+00 
1 11 1 1.999913e+00 
2 11 1 1.999691e+00 
3 11 1 1.999374e+00 
4 11 1 1.998875e+00 
5 11 1 1.998130e+00 
6 11 1 1.997151e+00 
7 11 1 1.996102e+00 
8 11 1 1.995364e+00 
9 11 1 1.994925e+00 
10 11 1 1.995460e+00 
11 11 1 1.997069e+00 
12 11 1 1.998463e+00 
13 11 1 1.999171e+00 
14 11 1 1.999504e+00 
15 11 1 1.999340e+00 
16 11 1 1.997888e+00 
17 11 1 1.991190e+00 
18 11 1 1.961774e+00 
19 11 1 1.856565e+00 
20 11 1 1.618139e+00 
21 11 1 1.316552e+00 
22 11 1 1.107751e+00 
23 11 1 1.026278e+00 
24 11 1 1.005650e+00 
25 11 1 1.001516e+00 
26 11 1 1.000850e+00 
27 11 1 1.000813e+00 
28 11 1 1.000852e+00 
29 11 1 1.000872e+00 
30 11 1 1.000866e+00 
31 11 1 1.000842e+00 
32 11 1 1.000805e+00 
33 11 1 1.000759e+00 
34 11 1 1.000710e+00 
35 11 1 1.000657e+00 
36 11 1 1.000604e+00 
37 11 1 1.000550e+00 
38 11 1 1.000497e+00 
39 11 1 1.000445e+00 
40 11 1 1.000394e+00 
41 11 1 1.000344e+00 
42 11 1 1.000295e+00 
43 11 1 1.000247e+00 
44 11 1 1.000201e+00 
45 11 1 1.000155e+00 
46 11 1 1.000110e+00 
47 11 1 1.000066e+00 
48 11 1 1.000022e+00 
49 11 1 9.999780e-01 

0 12 1 2.000033e+00 
1 12 1 1.999967e+00 
2 12 1 1.999838e+00 
3 12 1 1.999576e+00 
4 12 1 1.999045e+00 
5 12 1 1.998076e+00 
6 12 1 1.996562e+00 
7 12 1 1.994662e+00 
8 12 1 1.993078e+00 
9 12 1 1.992229e+00 
10 12 1 1.993577e+00 
11 12 1 1.996427e+00 
12 12 1 1.998238e+00 
13 12 1 1.998960e+00 
14 12 1 1.999186e+00 
15 12 1 1.998837e+00 
16 12 1 1.997201e+00 
17 12 1 1.990551e+00 
18 12 1 1.962185e+00 
19 12 1 1.860277e+00 
20 12 1 1.625607e+00 
21 12 1 1.323307e+00 
22 12 1 1.110280e+00 
23 12 1 1.025981e+00 
24 12 1 1.004584e+00 
25 12 1 1.000419e+00 
26 12 1 9.998767e-01 
27 12 1 9.999788e-01 
28 12 1 1.000142e+00 
29 12 1 1.000269e+00 
30 12 1 1.000353e+00 
31 12 1 1.000404e+00 
32 12 1 1.000430e+00 
33 12 1 1.000438e+00 
34 12 1 1.000434e+00 
35 12 1 1.000420e+00 
36 12 1 1.000399e+00 
37 12 1 1.000374e+00 
38 12 1 1.000346e+00 
39 12 1 1.000315e+00 
40 12 1 1.000283e+00 
41 12 1 1.000250e+00 
42 12 1 1.000217e+00 
43 12 1 1.000184e+00 
44 12 1 1.000150e+00 
45 12 1 1.000117e+00 
46 12 1 1.000083e+00 
47 12 1 1.000050e+00 
48 12 1 1.000017e+00 
49 12 1 9.999834e-01 

0 13 1 1.999932e+00 
1 13 1 2.000068e+00 
2 13 1 2.000137e+00 
3 13 1 2.000057e+00 
4 13 1 1.999641e+00 
5 13 1 1.998566e+00 
6 13 1 1.996360e+00 
7 13 1 1.992786e+00 
8 13 1 1.989127e+00 
9 13 1 1.988016e+00 
10 13 1 1.991552e+00 
11 13 1 1.996363e+00 
12 13 1 1.998593e+00 
13 13 1 1.999226e+00 
14 13 1 1.999237e+00 
15 13 1 1.998634e+00 
16 13 1 1.996787e+00 
17 13 1 1.990160e+00 
18 13 1 1.962662e+00 
19 13 1 1.863531e+00 
20 13 1 1.632152e+00 
21 13 1 1.329404e+00 
22 13 1 1.112751e+00 
23 13 1 1.025903e+00 
24 13 1 1.003750e+00 
25 13 1 9.995034e-01 
26 13 1 9.990367e-01 
27 13 1 9.992398e-01 
28 13 1 9.995005e-01 
29 13 1 9.997143e-01 
30 13 1 9.998747e-01 
31 13 1 9.999911e-01 
32 13 1 1.000073e+00 
33 13 1 1.000130e+00 
34 13 1 1.000167e+00 
35 13 1 1.000189e+00 
36 13 1 1.000199e+00 
37 13 1 1.000201e+00 
38 13 1 1.000196e+00 
39 13 1 1.000187e+00 
40 13 1 1.000174e+00 
41 13 1 1.000158e+00 
42 13 1 1.000140e+00 
43 13 1 1.000120e+00 
44 13 1 1.000099e+00 
45 13 1 1.000078e+00 
46 13 1 1.000056e+00 
47 13 1 1.000034e+00 
48 13 1 1.000011e+00 
49 13 1 9.999887e-01 

0 14 1 1.999785e+00 
1 14 1 2.000215e+00 
2 14 1 2.000605e+00 
3 14 1 2.000884e+00 
4 14 1 2.000872e+00 
5 14 1 2.000067e+00 
6 14 1 1.997284e+00 
7 14 1 1.990630e+00 
8 14 1 1.981651e+00 
9 14 1 1.981108e+00 
10 14 1 1.990171e+00 
11 14 1 1.997426e+00 
12 14 1 1.999853e+00 
13 14 1 2.000114e+00 
14 14 1 1.999687e+00 
15 14 1 1.998718e+00 
16 14 1 1.996606e+00 
17 14 1 1.989975e+00 
18 14 1 1.963183e+00 
19 14 1 1.866338e+00 
20 14 1 1.637767e+00 
21 14 1 1.334766e+00 
22 14 1 1.115075e+00 
23 14 1 1.025992e+00 
24 14 1 1.003128e+00 
25 14 1 9.987674e-01 
26 14 1 9.983355e-01 
27 14 1 9.986062e-01 
28 14 1 9.989384e-01 
29 14 1 9.992198e-01 
30 14 1 9.994415e-01 
31 14 1 9.996124e-01 
32 14 1 9.997428e-01 
33 14 1 9.998414e-01 
34 14 1 9.999150e-01 
35 14 1 9.999691e-01 
36 14 1 1.000008e+00 
37 14 1 1.000035e+00 
38 14 1 1.000052e+00 
39 14 1 1.000062e+00 
40 14 1 1.000067e+00 
41 14 1 1.000067e+00 
42 14 1 1.000063e+00 
43 14 1 1.000057e+00 
44 14 1 1.000049e+00 
45 14 1 1.000040e+00 
46 14 1 1.000029e+00 
47 14 1 1.000018e+00 
48 14 1 1.000006e+00 
49 14 1 9.999940e-01 

0 15 1 1.999617e+00 
1 15 1 2.000383e+00 
2 15 1 2.001170e+00 
3 15 1 2.001984e+00 
4 15 1 2.002762e+00 
5 15 1 2.002949e+00 
6 15 1 2.000388e+00 
7 15 1 1.989244e+00 
8 15 1 1.968325e+00 
9 15 1 1.969794e+00 
10 15 1 1.991021e+00 
11 15 1 2.000436e+00 
12 15 1 2.002162e+00 
13 15 1 2.001536e+00 
14 15 1 2.000445e+00 
15 15 1 1.999000e+00 
16 15 1 1.996574e+00 
17 15 1 1.989924e+00 
18 15 1 1.963701e+00 
19 15 1 1.868726e+00 
20 15 1 1.642514e+00 
21 15 1 1.339382e+00 
22 15 1 1.117177e+00 
23 15 1 1.026181e+00 
24 15 1 1.002678e+00 
25 15 1 9.981911e-01 
26 15 1 9.977672e-01 
27 15 1 9.980792e-01 
28 15 1 9.984608e-01 
29 15 1 9.987918e-01 
30 15 1 9.990605e-01 
31 15 1 9.992746e-01 
32 15 1 9.994441e-01 
33 15 1 9.995778e-01 
34 15 1 9.996827e-01 
35 15 1 9.997647e-01 
36 15 1 9.998285e-01 
37 15 1 9.998777e-01 
38 15 1 9.999152e-01 
39 15 1 9.999436e-01 
40 15 1 9.999644e-01 
41 15 1 9.999794e-01 
42 15 1 9.999899e-01 
43 15 1 9.999967e-01 
44 15 1 1.000001e+00 
45 15 1 1.000003e+00 
46 15 1 1.000003e+00 
47 15 1 1.000002e+00 
48 15 1 1.000001e+00 
49 15 1 9.999992e-01 

0 16 1 1.999501e+00 
1 16 1 2.000499e+00 
2 16 1 2.001594e+00 
3 16 1 2.002925e+00 
4 16 1 2.004657e+00 
5 16 1 2.006428e+00 
6 16 1 2.005415e+00 
7 16 1 1.989773e+00 
8 16 1 1.951581e+00 
9 16 1 1.955560e+00 
10 16 1 1.994249e+00 
11 16 1 2.005222e+00 
12 16 1 2.004922e+00 
13 16 1 2.002931e+00 
14 16 1 2.001082e+00 
15 16 1 1.999204e+00 
16 16 1 1.996544e+00 
17 16 1 1.989897e+00 
18 16 1 1.964153e+00 
19 16 1 1.870716e+00 
20 16 1 1.646466e+00 
21 16 1 1.343273e+00 
22 16 1 1.119007e+00 
23 16 1 1.026409e+00 
24 16 1 1.002357e+00 
25 16 1 9.977514e-01 
26 16 1 9.973208e-01 
27 16 1 9.976555e-01 
28 16 1 9.980683e-01 
29 16 1 9.984331e-01 
30 16 1 9.987353e-01 
31 16 1 9.989816e-01 
32 16 1 9.991813e-01 
33 16 1 9.993428e-01 
34 16 1 9.994733e-01 
35 16 1 9.995787e-01 
36 16 1 9.996638e-01 
37 16 1 9.997323e-01 
38 16 1 9.997876e-01 
39 16 1 9.998320e-01 
40 16 1 9.998679e-01 
41 16 1 9.998967e-01 
42 16 1 9.999200e-01 
43 16 1 9.999388e-01 
44 16 1 9.999542e-01 
45 16 1 9.999669e-01 
46 16 1 9.999777e-01 
47 16 1 9.999871e-01 
48 16 1 9.999958e-01 
49 16 1 1.000004e+00 

0 17 1 1.999526e+00 
1 17 1 2.000474e+00 
2 17 1 2.001542e+00 
3 17 1 2.002934e+00 
4 17 1 2.004928e+00 
5 17 1 2.007285e+00 
6 17 1 2.006671e+00 
7 17 1 1.990030e+00 
8 17 1 1.947609e+00 
9 17 1 1.951803e+00 
10 17 1 1.994872e+00 
11 17 1 2.006521e+00 
12 17 1 2.005540e+00 
13 17 1 2.003036e+00 
14 17 1 2.000935e+00 
15 17 1 1.998986e+00 
16 17 1 1.996350e+00 
17 17 1 1.989797e+00 
18 17 1 1.964488e+00 
19 17 1 1.872319e+00 
20 17 1 1.649678e+00 
21 17 1 1.346459e+00 
22 17 1 1.120536e+00 
23 17 1 1.026637e+00 
24 17 1 1.002139e+00 
25 17 1 9.974308e-01 
26 17 1 9.969864e-01 
27 17 1 9.973301e-01 
28 17 1 9.977594e-01 
29 17 1 9.981440e-01 
30 17 1 9.984676e-01 
31 17 1 9.987356e-01 
32 17 1 9.989567e-01 
33 17 1 9.991389e-01 
34 17 1 9.992891e-01 
35 17 1 9.994130e-01 
36 17 1 9.995155e-01 
37 17 1 9.996002e-01 
38 17 1 9.996706e-01 
39 17 1 9.997293e-01 
40 17 1 9.997783e-01 
41 17 1 9.998195e-01 
42 17 1 9.998545e-01 
43 17 1 9.998844e-01 
44 17 1 9.999104e-01 
45 17 1 9.999332e-01 
46 17 1 9.999539e-01 
47 17 1 9.999729e-01 
48 17 1 9.999911e-01 
49 17 1 1.000009e+00 

0 18 1 1.999683e+00 
1 18 1 2.000317e+00 
2 18 1 2.001012e+00 
3 18 1 2.001900e+00 
4 18 1 2.003155e+00 
5 18 1 2.004407e+00 
6 18 1 2.002403e+00 
7 18 1 1.988999e+00 
8 18 1 1.960901e+00 
9 18 1 1.962878e+00 
10 18 1 1.991497e+00 
11 18 1 2.002418e+00 
12 18 1 2.003084e+00 
13 18 1 2.001536e+00 
14 18 1 1.999953e+00 
15 18 1 1.998360e+00 
16 18 1 1.995986e+00 
17 18 1 1.989625e+00 
18 18 1 1.964711e+00 
19 18 1 1.873551e+00 
20 18 1 1.652171e+00 
21 18 1 1.348950e+00 
22 18 1 1.121760e+00 
23 18 1 1.026860e+00 
24 18 1 1.002015e+00 
25 18 1 9.972223e-01 
26 18 1 9.967583e-01 
27 18 1 9.970987e-01 
28 18 1 9.975314e-01 
29 18 1 9.979231e-01 
30 18 1 9.982567e-01 
31 18 1 9.985368e-01 
32 18 1 9.987710e-01 
33 18 1 9.989670e-01 
34 18 1 9.991311e-01 
35 18 1 9.992689e-01 
36 18 1 9.993848e-01 
37 18 1 9.994826e-01 
38 18 1 9.995655e-01 
39 18 1 9.996361e-01 
40 18 1 9.996965e-01 
41 18 1 9.997486e-01 
42 18 1 9.997941e-01 
43 18 1 9.998340e-01 
44 18 1 9.998696e-01 
45 18 1 9.999019e-01 
46 18 1 9.999316e-01 
47 18 1 9.999596e-01 
48 18 1 9.999866e-01 
49 18 1 1.000013e+00 

0 19 1 1.999900e+00 
1 19 1 2.000100e+00 
2 19 1 2.000289e+00 
3 19 1 2.000502e+00 
4 19 1 2.000742e+00 
5 19 1 2.000610e+00 
6 19 1 1.997959e+00 
7 19 1 1.989373e+00 
8 19 1 1.976083e+00 
9 19 1 1.975869e+00 
10 19 1 1.989217e+00 
11 19 1 1.997846e+00 
12 19 1 1.999918e+00 
13 19 1 1.999550e+00 
14 19 1 1.998742e+00 
15 19 1 1.997627e+00 
16 19 1 1.995566e+00 
17 19 1 1.989439e+00 
18 19 1 1.964860e+00 
19 19 1 1.874431e+00 
20 19 1 1.653943e+00 
21 19 1 1.350742e+00 
22 19 1 1.122689e+00 
23 19 1 1.027092e+00 
24 19 1 1.001993e+00 
25 19 1 9.971271e-01 
26 19 1 9.966339e-01 
27 19 1 9.969580e-01 
28 19 1 9.973807e-01 
29 19 1 9.977679e-01 
30 19 1 9.981011e-01 
31 19 1 9.983839e-01 
32 19 1 9.986237e-01 
33 19 1 9.988269e-01 
34 19 1 9.989995e-01 
35 19 1 9.991466e-01 
36 19 1 9.992722e-01 
37 19 1 9.993799e-01 
38 19 1 9.994726e-01 
39 19 1 9.995530e-01 
40 19 1 9.996230e-01 
41 19 1 9.996845e-01 
42 19 1 9.997391e-01 
43 19 1 9.997879e-01 
44 19 1 9.998322e-01 
45 19 1 9.998730e-01 
46 19 1 9.999111e-01 
47 19 1 9.999474e-01 
48 19 1 9.999826e-01 
49 19 1 1.000017e+00 

0 20 1 2.000105e+00 
1 20 1 1.999895e+00 
2 20 1 1.999544e+00 
3 20 1 1.999075e+00 
4 20 1 1.998607e+00 
5 20 1 1.997894e+00 
6 20 1 1.995752e+00 
7 20 1 1.991261e+00 
8 20 1 1.985738e+00 
9 20 1 1.984515e+00 
10 20 1 1.989549e+00 
11 20 1 1.995147e+00 
12 20 1 1.997637e+00 
13 20 1 1.998002e+00 
14 20 1 1.997713e+00 
15 20 1 1.996965e+00 
16 20 1 1.995191e+00 
17 20 1 1.989294e+00 
18 20 1 1.964973e+00 
19 20 1 1.874978e+00 
20 20 1 1.654995e+00 
21 20 1 1.351841e+00 
22 20 1 1.123340e+00 
23 20 1 1.027351e+00 
24 20 1 1.002084e+00 
25 20 1 9.971467e-01 
26 20 1 9.966105e-01 
27 20 1 9.969031e-01 
28 20 1 9.973028e-01 
29 20 1 9.976739e-01 
30 20 1 9.979970e-01 
31 20 1 9.982747e-01 
32 20 1 9.985129e-01 
33 20 1 9.987175e-01 
34 20 1 9.988936e-01 
35 20 1 9.990457e-01 
36 20 1 9.991775e-01 
37 20 1 9.992920e-01 
38 20 1 9.993922e-01 
39 20 1 9.994802e-01 
40 20 1 9.995580e-01 
41 20 1 9.996274e-01 
42 20 1 9.996898e-01 
43 20 1 9.997464e-01 
44 20 1 9.997984e-01 
45 20 1 9.998468e-01 
46 20 1 9.998924e-01 
47 20 1 9.999362e-01 
48 20 1 9.999788e-01 
49 20 1 1.000021e+00 

0 21 1 2.000230e+00 
1 21 1 1.999770e+00 
2 21 1 1.998908e+00 
3 21 1 1.997541e+00 
4 21 1 1.996762e+00 
5 21 1 1.996566e+00 
6 21 1 1.995445e+00 
7 21 1 1.993167e+00 
8 21 1 1.990802e+00 
9 21 1 1.989688e+00 
10 21 1 1.991086e+00 
11 21 1 1.994137e+00 
12 21 1 1.996352e+00 
13 21 1 1.997028e+00 
14 21 1 1.997003e+00 
15 21 1 1.996487e+00 
16 21 1 1.994941e+00 
17 21 1 1.989244e+00 
18 21 1 1.965088e+00 
19 21 1 1.875227e+00 
20 21 1 1.655365e+00 
21 21 1 1.352280e+00 
22 21 1 1.123737e+00 
23 21 1 1.027647e+00 
24 21 1 1.002289e+00 
25 21 1 9.972771e-01 
26 21 1 9.966810e-01 
27 21 1 9.969267e-01 
28 21 1 9.972908e-01 
29 21 1 9.976355e-01 
30 21 1 9.979399e-01 
31 21 1 9.982051e-01 
32 21 1 9.984357e-01 
33 21 1 9.986365e-01 
34 21 1 9.988118e-01 
35 21 1 9.989651e-01 
36 21 1 9.990999e-01 
37 21 1 9.992187e-01 
38 21 1 9.993239e-01 
39 21 1 9.994175e-01 
40 21 1 9.995015e-01 
41 21 1 9.995772e-01 
42 21 1 9.996462e-01 
43 21 1 9.997094e-01 
44 21 1 9.997681e-01 
45 21 1 9.998233e-01 
46 21 1 9.998757e-01 
47 21 1 9.999261e-01 
48 21 1 9.999755e-01 
49 21 1 1.000024e+00 

0 22 1 2.000199e+00 
1 22 1 1.999801e+00 
2 22 1 1.998526e+00 
3 22 1 1.995665e+00 
4 22 1 1.994976e+00 
5 22 1 1.996367e+00 
6 22 1 1.996061e+00 
7 22 1 1.994754e+00 
8 22 1 1.993420e+00 
9 22 1 1.992733e+00 
10 22 1 1.992787e+00 
11 22 1 1.994145e+00 
12 22 1 1.995781e+00 
13 22 1 1.996505e+00 
14 22 1 1.996598e+00 
15 22 1 1.996224e+00 
16 22 1 1.994848e+00 
17 22 1 1.989312e+00 
18 22 1 1.965229e+00 
19 22 1 1.875226e+00 
20 22 1 1.655137e+00 
21 22 1 1.352138e+00 
22 22 1 1.123911e+00 
23 22 1 1.027979e+00 
24 22 1 1.002594e+00 
25 22 1 9.975036e-01 
26 22 1 9.968325e-01 
27 22 1 9.970177e-01 
28 22 1 9.973352e-01 
29 22 1 9.976450e-01 
30 22 1 9.979237e-01 
31 22 1 9.981704e-01 
32 22 1 9.983884e-01 
33 22 1 9.985811e-01 
34 22 1 9.987518e-01 
35 22 1 9.989033e-01 
36 22 1 9.990383e-01 
37 22 1 9.991589e-01 
38 22 1 9.992671e-01 
39 22 1 9.993647e-01 
40 22 1 9.994532e-01 
41 22 1 9.995340e-01 
42 22 1 9.996082e-01 
43 22 1 9.996771e-01 
44 22 1 9.997415e-01 
45 22 1 9.998025e-01 
46 22 1 9.998608e-01 
47 22 1 9.999172e-01 
48 22 1 9.999725e-01 
49 22 1 1.000028e+00 

0 23 1 1.999995e+00 
1 23 1 2.000005e+00 
2 23 1 1.998434e+00 
3 23 1 1.993771e+00 
4 23 1 1.993371e+00 
5 23 1 1.996800e+00 
6 23 1 1.996978e+00 
7 23 1 1.995984e+00 
8 23 1 1.994994e+00 
9 23 1 1.994473e+00 
10 23 1 1.994198e+00 
11 23 1 1.994658e+00 
12 23 1 1.995654e+00 
13 23 1 1.996287e+00 
14 23 1 1.996427e+00 
15 23 1 1.996145e+00 
16 23 1 1.994902e+00 
17 23 1 1.989492e+00 
18 23 1 1.965401e+00 
19 23 1 1.875036e+00 
20 23 1 1.654442e+00 
21 23 1 1.351534e+00 
22 23 1 1.123899e+00 
23 23 1 1.028329e+00 
24 23 1 1.002972e+00 
25 23 1 9.978022e-01 
26 23 1 9.970459e-01 
27 23 1 9.971611e-01 
28 23 1 9.974244e-01 
29 23 1 9.976930e-01 
30 23 1 9.979408e-01 
31 23 1 9.981648e-01 
32 23 1 9.983664e-01 
33 23 1 9.985477e-01 
34 23 1 9.987109e-01 
35 23 1 9.988581e-01 
36 23 1 9.989910e-01 
37 23 1 9.991115e-01 
38 23 1 9.992210e-01 
39 23 1 9.993209e-01 
40 23 1 9.994126e-01 
41 23 1 9.994972e-01 
42 23 1 9.995757e-01 
43 23 1 9.996491e-01 
44 23 1 9.997184e-01 
45 23 1 9.997844e-01 
46 23 1 9.998477e-01 
47 23 1 9.999093e-01 
48 23 1 9.999699e-01 
49 23 1 1.000030e+00 

0 24 1 1.999973e+00 
1 24 1 2.000027e+00 
2 24 1 1.998324e+00 
3 24 1 1.993502e+00 
4 24 1 1.993259e+00 
5 24 1 1.997051e+00 
6 24 1 1.997477e+00 
7 24 1 1.996696e+00 
8 24 1 1.995919e+00 
9 24 1 1.995483e+00 
10 24 1 1.995221e+00 
11 24 1 1.995306e+00 
12 24 1 1.995801e+00 
13 24 1 1.996272e+00 
14 24 1 1.996421e+00 
15 24 1 1.996207e+00 
16 24 1 1.995070e+00 
17 24 1 1.989756e+00 
18 24 1 1.965595e+00 
19 24 1 1.874717e+00 
20 24 1 1.653434e+00 
21 24 1 1.350615e+00 
22 24 1 1.123749e+00 
23 24 1 1.028675e+00 
24 24 1 1.003387e+00 
25 24 1 9.981424e-01 
26 24 1 9.972979e-01 
27 24 1 9.973392e-01 
28 24 1 9.975448e-01 
29 24 1 9.977691e-01 
30 24 1 9.979832e-01 
31 24 1 9.981819e-01 
32 24 1 9.983646e-01 
33 24 1 9.985324e-01 
34 24 1 9.986861e-01 
35 24 1 9.988270e-01 
36 24 1 9.989563e-01 
37 24 1 9.990751e-01 
38 24 1 9.991844e-01 
39 24 1 9.992854e-01 
40 24 1 9.993791e-01 
41 24 1 9.994664e-01 
42 24 1 9.995482e-01 
43 24 1 9.996253e-01 
44 24 1 9.996986e-01 
45 24 1 9.997687e-01 
46 24 1 9.998365e-01 
47 24 1 9.999025e-01 
48 24 1 9.999676e-01 
49 24 1 1.000032e+00 

0 25 1 2.000222e+00 
1 25 1 1.999778e+00 
2 25 1 1.998189e+00 
3 25 1 1.995030e+00 
4 25 1 1.994701e+00 
5 25 1 1.996930e+00 
6 25 1 1.997398e+00 
7 25 1 1.996947e+00 
8 25 1 1.996424e+00 
9 25 1 1.996093e+00 
10 25 1 1.995908e+00 
11 25 1 1.995876e+00 
12 25 1 1.996089e+00 
13 25 1 1.996390e+00 
14 25 1 1.996523e+00 
15 25 1 1.996363e+00 
16 25 1 1.995309e+00 
17 25 1 1.990063e+00 
18 25 1 1.965793e+00 
19 25 1 1.874330e+00 
20 25 1 1.652274e+00 
21 25 1 1.349534e+00 
22 25 1 1.123507e+00 
23 25 1 1.028993e+00 
24 25 1 1.003802e+00 
25 25 1 9.984927e-01 
26 25 1 9.975644e-01 
27 25 1 9.975340e-01 
28 25 1 9.976826e-01 
29 25 1 9.978626e-01 
30 25 1 9.980426e-01 
31 25 1 9.982151e-01 
32 25 1 9.983781e-01 
33 25 1 9.985311e-01 
34 25 1 9.986742e-01 
35 25 1 9.988076e-01 
36 25 1 9.989321e-01 
37 25 1 9.990480e-01 
38 25 1 9.991562e-01 
39 25 1 9.992573e-01 
40 25 1 9.993520e-01 
41 25 1 9.994411e-01 
42 25 1 9.995254e-01 
43 25 1 9.996054e-01 
44 25 1 9.996819e-01 
45 25 1 9.997556e-01 
46 25 1 9.998270e-01 
47 25 1 9.998968e-01 
48 25 1 9.999657e-01 
49 25 1 1.000034e+00 

0 26 1 2.000400e+00 
1 26 1 1.999600e+00 
2 26 1 1.998326e+00 
3 26 1 1.996647e+00 
4 26 1 1.996166e+00 
5 26 1 1.996936e+00 
6 26 1 1.997276e+00 
7 26 1 1.997059e+00 
8 26 1 1.996738e+00 
9 26 1 1.996499e+00 
10 26 1 1.996367e+00 
11 26 1 1.996320e+00 
12 26 1 1.996407e+00 
13 26 1 1.996582e+00 
14 26 1 1.996688e+00 
15 26 1 1.996567e+00 
16 26 1 1.995576e+00 
17 26 1 1.990376e+00 
18 26 1 1.965977e+00 
19 26 1 1.873929e+00 
20 26 1 1.651105e+00 
21 26 1 1.348428e+00 
22 26 1 1.123219e+00 
23 26 1 1.029265e+00 
24 26 1 1.004184e+00 
25 26 1 9.988242e-01 
26 26 1 9.978232e-01 
27 26 1 9.977283e-01 
28 26 1 9.978248e-01 
29 26 1 9.979634e-01 
30 26 1 9.981109e-01 
31 26 1 9.982581e-01 
32 26 1 9.984015e-01 
33 26 1 9.985397e-01 
34 26 1 9.986718e-01 
35 26 1 9.987973e-01 
36 26 1 9.989163e-01 
37 26 1 9.990287e-01 
38 26 1 9.991350e-01 
39 26 1 9.992355e-01 
40 26 1 9.993305e-01 
41 26 1 9.994208e-01 
42 26 1 9.995068e-01 
43 26 1 9.995890e-01 
44 26 1 9.996681e-01 
45 26 1 9.997445e-01 
46 26 1 9.998190e-01 
47 26 1 9.998919e-01 
48 26 1 9.999641e-01 
49 26 1 1.000036e+00 

0 27 1 2.000427e+00 
1 27 1 1.999573e+00 
2 27 1 1.998631e+00 
3 27 1 1.997674e+00 
4 27 1 1.997134e+00 
5 27 1 1.997181e+00 
6 27 1 1.997299e+00 
7 27 1 1.997186e+00 
8 27 1 1.996971e+00 
9 27 1 1.996795e+00 
10 27 1 1.996689e+00 
11 27 1 1.996652e+00 
12 27 1 1.996692e+00 
13 27 1 1.996795e+00 
14 27 1 1.996877e+00 
15 27 1 1.996782e+00 
16 27 1 1.995835e+00 
17 27 1 1.990660e+00 
18 27 1 1.966133e+00 
19 27 1 1.873554e+00 
20 27 1 1.650042e+00 
21 27 1 1.347411e+00 
22 27 1 1.122926e+00 
23 27 1 1.029477e+00 
24 27 1 1.004507e+00 
25 27 1 9.991147e-01 
26 27 1 9.980562e-01 
27 27 1 9.979081e-01 
28 27 1 9.979600e-01 
29 27 1 9.980625e-01 
30 27 1 9.981809e-01 
31 27 1 9.983050e-01 
32 27 1 9.984304e-01 
33 27 1 9.985545e-01 
34 27 1 9.986759e-01 
35 27 1 9.987936e-01 
36 27 1 9.989069e-01 
37 27 1 9.990156e-01 
38 27 1 9.991196e-01 
39 27 1 9.992189e-01 
40 27 1 9.993139e-01 
41 27 1 9.994048e-01 
42 27 1 9.994919e-01 
43 27 1 9.995758e-01 
44 27 1 9.996569e-01 
45 27 1 9.997356e-01 
46 27 1 9.998124e-01 
47 27 1 9.998880e-01 
48 27 1 9.999627e-01 
49 27 1 1.000037e+00 

0 28 1 2.000374e+00 
1 28 1 1.999626e+00 
2 28 1 1.998897e+00 
3 28 1 1.998236e+00 
4 28 1 1.997735e+00 
5 28 1 1.997500e+00 
6 28 1 1.997432e+00 
7 28 1 1.997327e+00 
8 28 1 1.997164e+00 
9 28 1 1.997022e+00 
10 28 1 1.996933e+00 
11 28 1 1.996901e+00 
12 28 1 1.996925e+00 
13 28 1 1.996993e+00 
14 28 1 1.997062e+00 
15 28 1 1.996982e+00 
16 28 1 1.996060e+00 
17 28 1 1.990893e+00 
18 28 1 1.966249e+00 
19 28 1 1.873236e+00 
20 28 1 1.649163e+00 
21 28 1 1.346560e+00 
22 28 1 1.122656e+00 
23 28 1 1.029626e+00 
24 28 1 1.004759e+00 
25 28 1 9.993498e-01 
26 28 1 9.982508e-01 
27 28 1 9.980627e-01 
28 28 1 9.980796e-01 
29 28 1 9.981526e-01 
30 28 1 9.982466e-01 
31 28 1 9.983509e-01 
32 28 1 9.984604e-01 
33 28 1 9.985721e-01 
34 28 1 9.986839e-01 
35 28 1 9.987943e-01 
36 28 1 9.989023e-01 
37 28 1 9.990072e-01 
38 28 1 9.991089e-01 
39 28 1 9.992069e-01 
40 28 1 9.993014e-01 
41 28 1 9.993924e-01 
42 28 1 9.994804e-01 
43 28 1 9.995654e-01 
44 28 1 9.996480e-01 
45 28 1 9.997284e-01 
46 28 1 9.998072e-01 
47 28 1 9.998848e-01 
48 28 1 9.999617e-01 
49 28 1 1.000038e+00 

0 29 1 2.000313e+00 
1 29 1 1.999687e+00 
2 29 1 1.999083e+00 
3 29 1 1.998543e+00 
4 29 1 1.998105e+00 
5 29 1 1.997785e+00 
6 29 1 1.997602e+00 
7 29 1 1.997467e+00 
8 29 1 1.997322e+00 
9 29 1 1.997197e+00 
10 29 1 1.997117e+00 
11 29 1 1.997087e+00 
12 29 1 1.997104e+00 
13 29 1 1.997159e+00 
14 29 1 1.997221e+00 
15 29 1 1.997145e+00 
16 29 1 1.996234e+00 
17 29 1 1.991060e+00 
18 29 1 1.966322e+00 
19 29 1 1.872993e+00 
20 29 1 1.648512e+00 
21 29 1 1.345916e+00 
22 29 1 1.122429e+00 
23 29 1 1.029713e+00 
24 29 1 1.004935e+00 
25 29 1 9.995232e-01 
26 29 1 9.984008e-01 
27 29 1 9.981860e-01 
28 29 1 9.981778e-01 
29 29 1 9.982285e-01 
30 29 1 9.983035e-01 
31 29 1 9.983919e-01 
32 29 1 9.984883e-01 
33 29 1 9.985896e-01 
34 29 1 9.986932e-01 
35 29 1 9.987973e-01 
36 29 1 9.989006e-01 
37 29 1 9.990023e-01 
38 29 1 9.991016e-01 
39 29 1 9.991983e-01 
40 29 1 9.992923e-01 
41 29 1 9.993833e-01 
42 29 1 9.994717e-01 
43 29 1 9.995576e-01 
44 29 1 9.996412e-01 
45 29 1 9.997230e-01 
46 29 1 9.998032e-01 
47 29 1 9.998823e-01 
48 29 1 9.999608e-01 
49 29 1 1.000039e+00 

0 30 1 2.000272e+00 
1 30 1 1.999729e+00 
2 30 1 1.999203e+00 
3 30 1 1.998725e+00 
4 30 1 1.998324e+00 
5 30 1 1.997993e+00 
6 30 1 1.997756e+00 
7 30 1 1.997588e+00 
8 30 1 1.997444e+00 
9 30 1 1.997326e+00 
10 30 1 1.997250e+00 
11 30 1 1.997220e+00 
12 30 1 1.997234e+00 
13 30 1 1.997283e+00 
14 30 1 1.997341e+00 
15 30 1 1.997264e+00 
16 30 1 1.996350e+00 
17 30 1 1.991160e+00 
18 30 1 1.966354e+00 
19 30 1 1.872832e+00 
20 30 1 1.648100e+00 
21 30 1 1.345495e+00 
22 30 1 1.122258e+00 
23 30 1 1.029746e+00 
24 30 1 1.005037e+00 
25 30 1 9.996351e-01 
26 30 1 9.985039e-01 
27 30 1 9.982747e-01 
28 30 1 9.982508e-01 
29 30 1 9.982865e-01 
30 30 1 9.983479e-01 
31 30 1 9.984246e-01 
32 30 1 9.985113e-01 
33 30 1 9.986046e-01 
34 30 1 9.987019e-01 
35 30 1 9.988011e-01 
36 30 1 9.989007e-01 
37 30 1 9.989996e-01 
38 30 1 9.990971e-01 
39 30 1 9.991927e-01 
40 30 1 9.992860e-01 
41 30 1 9.993770e-01 
42 30 1 9.994655e-01 
43 30 1 9.995519e-01 
44 30 1 9.996363e-01 
45 30 1 9.997190e-01 
46 30 1 9.998003e-01 
47 30 1 9.998806e-01 
48 30 1 9.999602e-01 
49 30 1 1.000040e+00 

0 31 1 2.000247e+00 
1 31 1 1.999753e+00 
2 31 1 1.999274e+00 
3 31 1 1.998832e+00 
4 31 1 1.998448e+00 
5 31 1 1.998124e+00 
6 31 1 1.997869e+00 
7 31 1 1.997678e+00 
8 31 1 1.997528e+00 
9 31 1 1.997413e+00 
10 31 1 1.997339e+00 
11 31 1 1.997308e+00 
12 31 1 1.997319e+00 
13 31 1 1.997366e+00 
14 31 1 1.997419e+00 
15 31 1 1.997336e+00 
16 31 1 1.996412e+00 
17 31 1 1.991200e+00 
18 31 1 1.966351e+00 
19 31 1 1.872745e+00 
20 31 1 1.647901e+00 
21 31 1 1.345275e+00 
22 31 1 1.122143e+00 
23 31 1 1.029738e+00 
24 31 1 1.005079e+00 
25 31 1 9.996945e-01 
26 31 1 9.985653e-01 
27 31 1 9.983310e-01 
28 31 1 9.982990e-01 
29 31 1 9.983258e-01 
30 31 1 9.983787e-01 
31 31 1 9.984478e-01 
32 31 1 9.985279e-01 
33 31 1 9.986157e-01 
34 31 1 9.987086e-01 
35 31 1 9.988043e-01 
36 31 1 9.989014e-01 
37 31 1 9.989983e-01 
38 31 1 9.990945e-01 
39 31 1 9.991892e-01 
40 31 1 9.992821e-01 
41 31 1 9.993728e-01 
42 31 1 9.994616e-01 
43 31 1 9.995483e-01 
44 31 1 9.996331e-01 
45 31 1 9.997164e-01 
46 31 1 9.997984e-01 
47 31 1 9.998794e-01 
48 31 1 9.999599e-01 
49 31 1 1.000040e+00 

0 32 1 2.000234e+00 
1 32 1 1.999766e+00 
2 32 1 1.999309e+00 
3 32 1 1.998886e+00 
4 32 1 1.998510e+00 
5 32 1 1.998191e+00 
6 32 1 1.997932e+00 
7 32 1 1.997730e+00 
8 32 1 1.997575e+00 
9 32 1 1.997460e+00 
10 32 1 1.997386e+00 
11 32 1 1.997355e+00 
12 32 1 1.997365e+00 
13 32 1 1.997410e+00 
14 32 1 1.997460e+00 
15 32 1 1.997370e+00 
16 32 1 1.996432e+00 
17 32 1 1.991199e+00 
18 32 1 1.966325e+00 
19 32 1 1.872711e+00 
20 32 1 1.647864e+00 
21 32 1 1.345215e+00 
22 32 1 1.122080e+00 
23 32 1 1.029706e+00 
24 32 1 1.005081e+00 
25 32 1 9.997151e-01 
26 32 1 9.985932e-01 
27 32 1 9.983593e-01 
28 32 1 9.983243e-01 
29 32 1 9.983470e-01 
30 32 1 9.983956e-01 
31 32 1 9.984607e-01 
32 32 1 9.985373e-01 
33 32 1 9.986222e-01 
34 32 1 9.987127e-01 
35 32 1 9.988065e-01 
36 32 1 9.989020e-01 
37 32 1 9.989979e-01 
38 32 1 9.990934e-01 
39 32 1 9.991875e-01 
40 32 1 9.992801e-01 
41 32 1 9.993708e-01 
42 32 1 9.994595e-01 
43 32 1 9.995463e-01 
44 32 1 9.996315e-01 
45 32 1 9.997150e-01 
46 32 1 9.997974e-01 
47 32 1 9.998788e-01 
48 32 1 9.999596e-01 
49 32 1 1.000040e+00 

0 33 1 2.000230e+00 
1 33 1 1.999770e+00 
2 33 1 1.999322e+00 
3 33 1 1.998904e+00 
4 33 1 1.998532e+00 
5 33 1 1.998215e+00 
6 33 1 1.997955e+00 
7 33 1 1.997750e+00 
8 33 1 1.997593e+00 
9 33 1 1.997478e+00 
10 33 1 1.997404e+00 
11 33 1 1.997372e+00 
12 33 1 1.997381e+00 
13 33 1 1.997426e+00 
14 33 1 1.997474e+00 
15 33 1 1.997380e+00 
16 33 1 1.996433e+00 
17 33 1 1.991184e+00 
18 33 1 1.966297e+00 
19 33 1 1.872704e+00 
20 33 1 1.647897e+00 
21 33 1 1.345234e+00 
22 33 1 1.122055e+00 
23 33 1 1.029676e+00 
24 33 1 1.005069e+00 
25 33 1 9.997172e-01 
26 33 1 9.986011e-01 
27 33 1 9.983686e-01 
28 33 1 9.983332e-01 
29 33 1 9.983547e-01 
30 33 1 9.984018e-01 
31 33 1 9.984655e-01 
32 33 1 9.985409e-01 
33 33 1 9.986247e-01 
34 33 1 9.987143e-01 
35 33 1 9.988074e-01 
36 33 1 9.989024e-01 
37 33 1 9.989979e-01 
38 33 1 9.990930e-01 
39 33 1 9.991870e-01 
40 33 1 9.992794e-01 
41 33 1 9.993700e-01 
42 33 1 9.994588e-01 
43 33 1 9.995457e-01 
44 33 1 9.996309e-01 
45 33 1 9.997146e-01 
46 33 1 9.997970e-01 
47 33 1 9.998786e-01 
48 33 1 9.999596e-01 
49 33 1 1.000040e+00 

0 34 1 2.000228e+00 
1 34 1 1.999771e+00 
2 34 1 1.999325e+00 
3 34 1 1.998909e+00 
4 34 1 1.998538e+00 
5 34 1 1.998222e+00 
6 34 1 1.997962e+00 
7 34 1 1.997757e+00 
8 34 1 1.997599e+00 
9 34 1 1.997484e+00 
10 34 1 1.997410e+00 
11 34 1 1.997377e+00 
12 34 1 1.997386e+00 
13 34 1 1.997430e+00 
14 34 1 1.997477e+00 
15 34 1 1.997382e+00 
16 34 1 1.996431e+00 
17 34 1 1.991175e+00 
18 34 1 1.966282e+00 
19 34 1 1.872702e+00 
20 34 1 1.647924e+00 
21 34 1 1.345257e+00 
22 34 1 1.122048e+00 
23 34 1 1.029662e+00 
24 34 1 1.005062e+00 
25 34 1 9.997163e-01 
26 34 1 9.986027e-01 
27 34 1 9.983710e-01 
28 34 1 9.983357e-01 
29 34 1 9.983569e-01 
30 34 1 9.984037e-01 
31 34 1 9.984670e-01 
32 34 1 9.985421e-01 
33 34 1 9.986256e-01 
34 34 1 9.987149e-01 
35 34 1 9.988078e-01 
36 34 1 9.989026e-01 
37 34 1 9.989980e-01 
38 34 1 9.990929e-01 
39 34 1 9.991869e-01 
40 34 1 9.992793e-01 
41 34 1 9.993699e-01 
42 34 1 9.994586e-01 
43 34 1 9.995455e-01 
44 34 1 9.996307e-01 
45 34 1 9.997144e-01 
46 34 1 9.997969e-01 
47 34 1 9.998785e-01 
48 34 1 9.999596e-01 
49 34 1 1.000040e+00 

0 35 1 2.000228e+00 
1 35 1 1.999772e+00 
2 35 1 1.999327e+00 
3 35 1 1.998912e+00 
4 35 1 1.998542e+00 
5 35 1 1.998225e+00 
6 35 1 1.997965e+00 
7 35 1 1.997760e+00 
8 35 1 1.997602e+00 
9 35 1 1.997487e+00 
10 35 1 1.997413e+00 
11 35 1 1.997380e+00 
12 35 1 1.997389e+00 
13 35 1 1.997433e+00 
14 35 1 1.997479e+00 
15 35 1 1.997383e+00 
16 35 1 1.996430e+00 
17 35 1 1.991171e+00 
18 35 1 1.966275e+00 
19 35 1 1.872702e+00 
20 35 1 1.647939e+00 
21 35 1 1.345270e+00 
22 35 1 1.122046e+00 
23 35 1 1.029655e+00 
24 35 1 1.005059e+00 
25 35 1 9.997157e-01 
26 35 1 9.986034e-01 
27 35 1 9.983721e-01 
28 35 1 9.983369e-01 
29 35 1 9.983580e-01 
30 35 1 9.984047e-01 
31 35 1 9.984679e-01 
32 35 1 9.985427e-01 
33 35 1 9.986261e-01 
34 35 1 9.987153e-01 
35 35 1 9.988080e-01 
36 35 1 9.989027e-01 
37 35 1 9.989980e-01 
38 35 1 9.990930e-01 
39 35 1 9.991869e-01 
40 35 1 9.992792e-01 
41 35 1 9.993698e-01 
42 35 1 9.994586e-01 
43 35 1 9.995455e-01 
44 35 1 9.996306e-01 
45 35 1 9.997144e-01 
46 35 1 9.997969e-01 
47 35 1 9.998785e-01 
48 35 1 9.999595e-01 
49 35 1 1.000040e+00 

0 36 1 2.000227e+00 
1 36 1 1.999773e+00 
2 36 1 1.999328e+00 
3 36 1 1.998914e+00 
4 36 1 1.998544e+00 
5 36 1 1.998228e+00 
6 36 1 1.997968e+00 
7 36 1 1.997763e+00 
8 36 1 1.997605e+00 
9 36 1 1.997490e+00 
10 36 1 1.997415e+00 
11 36 1 1.997383e+00 
12 36 1 1.997391e+00 
13 36 1 1.997434e+00 
14 36 1 1.997480e+00 
15 36 1 1.997383e+00 
16 36 1 1.996429e+00 
17 36 1 1.991168e+00 
18 36 1 1.966271e+00 
19 36 1 1.872702e+00 
20 36 1 1.647949e+00 
21 36 1 1.345279e+00 
22 36 1 1.122046e+00 
23 36 1 1.029651e+00 
24 36 1 1.005057e+00 
25 36 1 9.997153e-01 
26 36 1 9.986038e-01 
27 36 1 9.983730e-01 
28 36 1 9.983378e-01 
29 36 1 9.983589e-01 
30 36 1 9.984056e-01 
31 36 1 9.984685e-01 
32 36 1 9.985433e-01 
33 36 1 9.986265e-01 
34 36 1 9.987156e-01 
35 36 1 9.988083e-01 
36 36 1 9.989029e-01 
37 36 1 9.989982e-01 
38 36 1 9.990931e-01 
39 36 1 9.991869e-01 
40 36 1 9.992792e-01 
41 36 1 9.993698e-01 
42 36 1 9.994585e-01 
43 36 1 9.995454e-01 
44 36 1 9.996306e-01 
45 36 1 9.997143e-01 
46 36 1 9.997969e-01 
47 36 1 9.998785e-01 
48 36 1 9.999595e-01 
49 36 1 1.000040e+00 

0 37 1 2.000194e+00 
1 37 1 1.999806e+00 
2 37 1 1.999426e+00 
3 37 1 1.999067e+00 
4 37 1 1.998740e+00 
5 37 1 1.998454e+00 
6 37 1 1.998211e+00 
7 37 1 1.998010e+00 
8 37 1 1.997850e+00 
9 37 1 1.997728e+00 
10 37 1 1.997641e+00 
11 37 1 1.997589e+00 
12 37 1 1.997568e+00 
13 37 1 1.997572e+00 
14 37 1 1.997567e+00 
15 37 1 1.997404e+00 
16 37 1 1.996371e+00 
17 37 1 1.991033e+00 
18 37 1 1.966145e+00 
19 37 1 1.872828e+00 
20 37 1 1.648443e+00 
21 37 1 1.345760e+00 
22 37 1 1.122166e+00 
23 37 1 1.029557e+00 
24 37 1 1.004971e+00 
25 37 1 9.996960e-01 
26 37 1 9.986362e-01 
27 37 1 9.984335e-01 
28 37 1 9.984094e-01 
29 37 1 9.984307e-01 
30 37 1 9.984716e-01 
31 37 1 9.985261e-01 
32 37 1 9.985914e-01 
33 37 1 9.986652e-01 
34 37 1 9.987456e-01 
35 37 1 9.988307e-01 
36 37 1 9.989188e-01 
37 37 1 9.990086e-01 
38 37 1 9.990991e-01 
39 37 1 9.991896e-01 
40 37 1 9.992793e-01 
41 37 1 9.993681e-01 
42 37 1 9.994557e-01 
43 37 1 9.995421e-01 
44 37 1 9.996273e-01 
45 37 1 9.997113e-01 
46 37 1 9.997945e-01 
47 37 1 9.998770e-01 
48 37 1 9.999591e-01 
49 37 1 1.000041e+00 

0 38 1 2.000168e+00 
1 38 1 1.999832e+00 
2 38 1 1.999502e+00 
3 38 1 1.999187e+00 
4 38 1 1.998897e+00 
5 38 1 1.998636e+00 
6 38 1 1.998410e+00 
7 38 1 1.998217e+00 
8 38 1 1.998058e+00 
9 38 1 1.997930e+00 
10 38 1 1.997831e+00 
11 38 1 1.997761e+00 
12 38 1 1.997714e+00 
13 38 1 1.997683e+00 
14 38 1 1.997635e+00 
15 38 1 1.997424e+00 
16 38 1 1.996343e+00 
17 38 1 1.990977e+00 
18 38 1 1.966119e+00 
19 38 1 1.872932e+00 
20 38 1 1.648708e+00 
21 38 1 1.346034e+00 
22 38 1 1.122302e+00 
23 38 1 1.029586e+00 
24 38 1 1.004979e+00 
25 38 1 9.997203e-01 
26 38 1 9.986805e-01 
27 38 1 9.984903e-01 
28 38 1 9.984704e-01 
29 38 1 9.984900e-01 
30 38 1 9.985256e-01 
31 38 1 9.985731e-01 
32 38 1 9.986308e-01 
33 38 1 9.986974e-01 
34 38 1 9.987710e-01 
35 38 1 9.988500e-01 
36 38 1 9.989330e-01 
37 38 1 9.990184e-01 
38 38 1 9.991053e-01 
39 38 1 9.991928e-01 
40 38 1 9.992805e-01 
41 38 1 9.993677e-01 
42 38 1 9.994543e-01 
43 38 1 9.995401e-01 
44 38 1 9.996251e-01 
45 38 1 9.997093e-01 
46 38 1 9.997929e-01 
47 38 1 9.998759e-01 
48 38 1 9.999587e-01 
49 38 1 1.000041e+00 

0 39 1 2.000147e+00 
1 39 1 1.999853e+00 
2 39 1 1.999562e+00 
3 39 1 1.999283e+00 
4 39 1 1.999023e+00 
5 39 1 1.998786e+00 
6 39 1 1.998575e+00 
7 39 1 1.998391e+00 
8 39 1 1.998234e+00 
9 39 1 1.998102e+00 
10 39 1 1.997994e+00 
11 39 1 1.997907e+00 
12 39 1 1.997837e+00 
13 39 1 1.997776e+00 
14 39 1 1.997692e+00 
15 39 1 1.997444e+00 
16 39 1 1.996331e+00 
17 39 1 1.990952e+00 
18 39 1 1.966118e+00 
19 39 1 1.872998e+00 
20 39 1 1.648850e+00 
21 39 1 1.346198e+00 
22 39 1 1.122431e+00 
23 39 1 1.029676e+00 
24 39 1 1.005051e+00 
25 39 1 9.997870e-01 
26 39 1 9.987451e-01 
27 39 1 9.985517e-01 
28 39 1 9.985268e-01 
29 39 1 9.985402e-01 
30 39 1 9.985691e-01 
31 39 1 9.986100e-01 
32 39 1 9.986616e-01 
33 39 1 9.987225e-01 
34 39 1 9.987910e-01 
35 39 1 9.988655e-01 
36 39 1 9.989445e-01 
37 39 1 9.990267e-01 
38 39 1 9.991108e-01 
39 39 1 9.991961e-01 
40 39 1 9.992819e-01 
41 39 1 9.993679e-01 
42 39 1 9.994536e-01 
43 39 1 9.995388e-01 
44 39 1 9.996237e-01 
45 39 1 9.997079e-01 
46 39 1 9.997917e-01 
47 39 1 9.998752e-01 
48 39 1 9.999584e-01 
49 39 1 1.000042e+00 

0 40 1 2.000131e+00 
1 40 1 1.999869e+00 
2 40 1 1.999611e+00 
3 40 1 1.999361e+00 
4 40 1 1.999126e+00 
5 40 1 1.998909e+00 
6 40 1 1.998712e+00 
7 40 1 1.998538e+00 
8 40 1 1.998384e+00 
9 40 1 1.998251e+00 
10 40 1 1.998136e+00 
11 40 1 1.998035e+00 
12 40 1 1.997945e+00 
13 40 1 1.997856e+00 
14 40 1 1.997739e+00 
15 40 1 1.997455e+00 
16 40 1 1.996313e+00 
17 40 1 1.990922e+00 
18 40 1 1.966103e+00 
19 40 1 1.873020e+00 
20 40 1 1.648914e+00 
21 40 1 1.346300e+00 
22 40 1 1.122559e+00 
23 40 1 1.029813e+00 
24 40 1 1.005176e+00 
25 40 1 9.998931e-01 
26 40 1 9.988309e-01 
27 40 1 9.986195e-01 
28 40 1 9.985797e-01 
29 40 1 9.985817e-01 
30 40 1 9.986022e-01 
31 40 1 9.986365e-01 
32 40 1 9.986831e-01 
33 40 1 9.987399e-01 
34 40 1 9.988050e-01 
35 40 1 9.988766e-01 
36 40 1 9.989530e-01 
37 40 1 9.990329e-01 
38 40 1 9.991150e-01 
39 40 1 9.991988e-01 
40 40 1 9.992834e-01 
41 40 1 9.993683e-01 
42 40 1 9.994533e-01 
43 40 1 9.995381e-01 
44 40 1 9.996227e-01 
45 40 1 9.997070e-01 
46 40 1 9.997910e-01 
47 40 1 9.998747e-01 
48 40 1 9.999582e-01 
49 40 1 1.000042e+00 

0 41 1 2.000118e+00 
1 41 1 1.999883e+00 
2 41 1 1.999650e+00 
3 41 1 1.999425e+00 
4 41 1 1.999211e+00 
5 41 1 1.999011e+00 
6 41 1 1.998828e+00 
7 41 1 1.998663e+00 
8 41 1 1.998515e+00 
9 41 1 1.998383e+00 
10 41 1 1.998263e+00 
11 41 1 1.998152e+00 
12 41 1 1.998044e+00 
13 41 1 1.997929e+00 
14 41 1 1.997778e+00 
15 41 1 1.997453e+00 
16 41 1 1.996272e+00 
17 41 1 1.990856e+00 
18 41 1 1.966041e+00 
19 41 1 1.872990e+00 
20 41 1 1.648925e+00 
21 41 1 1.346371e+00 
22 41 1 1.122706e+00 
23 41 1 1.030001e+00 
24 41 1 1.005357e+00 
25 41 1 1.000038e+00 
26 41 1 9.989357e-01 
27 41 1 9.986904e-01 
28 41 1 9.986261e-01 
29 41 1 9.986120e-01 
30 41 1 9.986226e-01 
31 41 1 9.986513e-01 
32 41 1 9.986944e-01 
33 41 1 9.987491e-01 
34 41 1 9.988126e-01 
35 41 1 9.988829e-01 
36 41 1 9.989581e-01 
37 41 1 9.990367e-01 
38 41 1 9.991179e-01 
39 41 1 9.992006e-01 
40 41 1 9.992844e-01 
41 41 1 9.993687e-01 
42 41 1 9.994532e-01 
43 41 1 9.995377e-01 
44 41 1 9.996221e-01 
45 41 1 9.997064e-01 
46 41 1 9.997904e-01 
47 41 1 9.998743e-01 
48 41 1 9.999581e-01 
49 41 1 1.000042e+00 

0 42 1 2.000107e+00 
1 42 1 1.999893e+00 
2 42 1 1.999682e+00 
3 42 1 1.999477e+00 
4 42 1 1.999281e+00 
5 42 1 1.999097e+00 
6 42 1 1.998926e+00 
7 42 1 1.998771e+00 
8 42 1 1.998630e+00 
9 42 1 1.998501e+00 
10 42 1 1.998381e+00 
11 42 1 1.998264e+00 
12 42 1 1.998142e+00 
13 42 1 1.998004e+00 
14 42 1 1.997814e+00 
15 42 1 1.997437e+00 
16 42 1 1.996192e+00 
17 42 1 1.990721e+00 
18 42 1 1.965890e+00 
19 42 1 1.872876e+00 
20 42 1 1.648887e+00 
21 42 1 1.346449e+00 
22 42 1 1.122912e+00 
23 42 1 1.030273e+00 
24 42 1 1.005606e+00 
25 42 1 1.000222e+00 
26 42 1 9.990521e-01 
27 42 1 9.987548e-01 
28 42 1 9.986572e-01 
29 42 1 9.986246e-01 
30 42 1 9.986264e-01 
31 42 1 9.986517e-01 
32 42 1 9.986942e-01 
33 42 1 9.987493e-01 
34 42 1 9.988135e-01 
35 42 1 9.988842e-01 
36 42 1 9.989595e-01 
37 42 1 9.990382e-01 
38 42 1 9.991191e-01 
39 42 1 9.992015e-01 
40 42 1 9.992849e-01 
41 42 1 9.993688e-01 
42 42 1 9.994531e-01 
43 42 1 9.995374e-01 
44 42 1 9.996217e-01 
45 42 1 9.997059e-01 
46 42 1 9.997901e-01 
47 42 1 9.998741e-01 
48 42 1 9.999580e-01 
49 42 1 1.000042e+00 

0 43 1 2.000098e+00 
1 43 1 1.999902e+00 
2 43 1 1.999709e+00 
3 43 1 1.999520e+00 
4 43 1 1.999340e+00 
5 43 1 1.999169e+00 
6 43 1 1.999010e+00 
7 43 1 1.998865e+00 
8 43 1 1.998733e+00 
9 43 1 1.998611e+00 
10 43 1 1.998495e+00 
11 43 1 1.998379e+00 
12 43 1 1.998251e+00 
13 43 1 1.998094e+00 
14 43 1 1.997865e+00 
15 43 1 1.997417e+00 
16 43 1 1.996070e+00 
17 43 1 1.990482e+00 
18 43 1 1.965570e+00 
19 43 1 1.872578e+00 
20 43 1 1.648762e+00 
21 43 1 1.346602e+00 
22 43 1 1.123285e+00 
23 43 1 1.030696e+00 
24 43 1 1.005947e+00 
25 43 1 1.000438e+00 
26 43 1 9.991605e-01 
27 43 1 9.987930e-01 
28 43 1 9.986580e-01 
29 43 1 9.986098e-01 
30 43 1 9.986080e-01 
31 43 1 9.986353e-01 
32 43 1 9.986815e-01 
33 43 1 9.987405e-01 
34 43 1 9.988078e-01 
35 43 1 9.988809e-01 
36 43 1 9.989578e-01 
37 43 1 9.990374e-01 
38 43 1 9.991187e-01 
39 43 1 9.992014e-01 
40 43 1 9.992848e-01 
41 43 1 9.993687e-01 
42 43 1 9.994528e-01 
43 43 1 9.995371e-01 
44 43 1 9.996214e-01 
45 43 1 9.997056e-01 
46 43 1 9.997898e-01 
47 43 1 9.998739e-01 
48 43 1 9.999580e-01 
49 43 1 1.000042e+00 

0 44 1 2.000091e+00 
1 44 1 1.999910e+00 
2 44 1 1.999730e+00 
3 44 1 1.999555e+00 
4 44 1 1.999388e+00 
5 44 1 1.999229e+00 
6 44 1 1.999081e+00 
7 44 1 1.998946e+00 
8 44 1 1.998825e+00 
9 44 1 1.998714e+00 
10 44 1 1.998609e+00 
11 44 1 1.998503e+00 
12 44 1 1.998383e+00 
13 44 1 1.998222e+00 
14 44 1 1.997964e+00 
15 44 1 1.997438e+00 
16 44 1 1.995938e+00 
17 44 1 1.990115e+00 
18 44 1 1.964936e+00 
19 44 1 1.871834e+00 
20 44 1 1.648406e+00 
21 44 1 1.346995e+00 
22 44 1 1.124094e+00 
23 44 1 1.031410e+00 
24 44 1 1.006393e+00 
25 44 1 1.000645e+00 
26 44 1 9.992136e-01 
27 44 1 9.987685e-01 
28 44 1 9.986055e-01 
29 44 1 9.985552e-01 
30 44 1 9.985618e-01 
31 44 1 9.986000e-01 
32 44 1 9.986563e-01 
33 44 1 9.987233e-01 
34 44 1 9.987965e-01 
35 44 1 9.988737e-01 
36 44 1 9.989534e-01 
37 44 1 9.990348e-01 
38 44 1 9.991173e-01 
39 44 1 9.992005e-01 
40 44 1 9.992842e-01 
41 44 1 9.993683e-01 
42 44 1 9.994525e-01 
43 44 1 9.995368e-01 
44 44 1 9.996211e-01 
45 44 1 9.997054e-01 
46 44 1 9.997896e-01 
47 44 1 9.998738e-01 
48 44 1 9.999579e-01 
49 44 1 1.000042e+00 

0 45 1 2.000085e+00 
1 45 1 1.999915e+00 
2 45 1 1.999747e+00 
3 45 1 1.999583e+00 
4 45 1 1.999426e+00 
5 45 1 1.999277e+00 
6 45 1 1.999140e+00 
7 45 1 1.999016e+00 
8 45 1 1.998907e+00 
9 45 1 1.998810e+00 
10 45 1 1.998724e+00 
11 45 1 1.998642e+00 
12 45 1 1.998550e+00 
13 45 1 1.998416e+00 
14 45 1 1.998167e+00 
15 45 1 1.997592e+00 
16 45 1 1.995908e+00 
17 45 1 1.989656e+00 
18 45 1 1.963740e+00 
19 45 1 1.870054e+00 
20 45 1 1.647461e+00 
21 45 1 1.348000e+00 
22 45 1 1.125930e+00 
23 45 1 1.032658e+00 
24 45 1 1.006906e+00 
25 45 1 1.000731e+00 
26 45 1 9.991163e-01 
27 45 1 9.986232e-01 
28 45 1 9.984710e-01 
29 45 1 9.984494e-01 
30 45 1 9.984850e-01 
31 45 1 9.985468e-01 
32 45 1 9.986205e-01 
33 45 1 9.986997e-01 
34 45 1 9.987812e-01 
35 45 1 9.988639e-01 
36 45 1 9.989473e-01 
37 45 1 9.990310e-01 
38 45 1 9.991149e-01 
39 45 1 9.991991e-01 
40 45 1 9.992833e-01 
41 45 1 9.993677e-01 
42 45 1 9.994521e-01 
43 45 1 9.995365e-01 
44 45 1 9.996208e-01 
45 45 1 9.997051e-01 
46 45 1 9.997894e-01 
47 45 1 9.998737e-01 
48 45 1 9.999579e-01 
49 45 1 1.000042e+00 

0 46 1 2.000081e+00 
1 46 1 1.999919e+00 
2 46 1 1.999759e+00 
3 46 1 1.999604e+00 
4 46 1 1.999454e+00 
5 46 1 1.999315e+00 
6 46 1 1.999187e+00 
7 46 1 1.999073e+00 
8 46 1 1.998975e+00 
9 46 1 1.998896e+00 
10 46 1 1.998834e+00 
11 46 1 1.998789e+00 
12 46 1 1.998753e+00 
13 46 1 1.998697e+00 
14 46 1 1.998541e+00 
15 46 1 1.998023e+00 
16 46 1 1.996206e+00 
17 46 1 1.989268e+00 
18 46 1 1.961668e+00 
19 46 1 1.866242e+00 
20 46 1 1.645283e+00 
21 46 1 1.350260e+00 
22 46 1 1.129785e+00 
23 46 1 1.034756e+00 
24 46 1 1.007322e+00 
25 46 1 1.000467e+00 
26 46 1 9.987245e-01 
27 46 1 9.982916e-01 
28 46 1 9.982335e-01 
29 46 1 9.982911e-01 
30 46 1 9.983829e-01 
31 46 1 9.984818e-01 
32 46 1 9.985794e-01 
33 46 1 9.986736e-01 
34 46 1 9.987648e-01 
35 46 1 9.988536e-01 
36 46 1 9.989408e-01 
37 46 1 9.990270e-01 
38 46 1 9.991125e-01 
39 46 1 9.991975e-01 
40 46 1 9.992824e-01 
41 46 1 9.993671e-01 
42 46 1 9.994516e-01 
43 46 1 9.995362e-01 
44 46 1 9.996206e-01 
45 46 1 9.997050e-01 
46 46 1 9.997893e-01 
47 46 1 9.998736e-01 
48 46 1 9.999579e-01 
49 46 1 1.000042e+00 

0 47 1 2.000078e+00 
1 47 1 1.999922e+00 
2 47 1 1.999768e+00 
3 47 1 1.999617e+00 
4 47 1 1.999474e+00 
5 47 1 1.999340e+00 
6 47 1 1.999219e+00 
7 47 1 1.999113e+00 
8 47 1 1.999026e+00 
9 47 1 1.998963e+00 
10 47 1 1.998927e+00 
11 47 1 1.998927e+00 
12 47 1 1.998967e+00 
13 47 1 1.999042e+00 
14 47 1 1.999089e+00 
15 47 1 1.998822e+00 
16 47 1 1.997075e+00 
17 47 1 1.989269e+00 
18 47 1 1.958650e+00 
19 47 1 1.859619e+00 
20 47 1 1.641303e+00 
21 47 1 1.354327e+00 
22 47 1 1.136436e+00 
23 47 1 1.037777e+00 
24 47 1 1.007331e+00 
25 47 1 9.996158e-01 
26 47 1 9.979493e-01 
27 47 1 9.977705e-01 
28 47 1 9.979181e-01 
29 47 1 9.981069e-01 
30 47 1 9.982757e-01 
31 47 1 9.984187e-01 
32 47 1 9.985416e-01 
33 47 1 9.986507e-01 
34 47 1 9.987507e-01 
35 47 1 9.988449e-01 
36 47 1 9.989355e-01 
37 47 1 9.990237e-01 
38 47 1 9.991104e-01 
39 47 1 9.991963e-01 
40 47 1 9.992816e-01 
41 47 1 9.993665e-01 
42 47 1 9.994513e-01 
43 47 1 9.995359e-01 
44 47 1 9.996204e-01 
45 47 1 9.997048e-01 
46 47 1 9.997892e-01 
47 47 1 9.998736e-01 
48 47 1 9.999579e-01 
49 47 1 1.000042e+00 

0 48 1 2.000077e+00 
1 48 1 1.999923e+00 
2 48 1 1.999772e+00 
3 48 1 1.999624e+00 
4 48 1 1.999484e+00 
5 48 1 1.999353e+00 
6 48 1 1.999235e+00 
7 48 1 1.999134e+00 
8 48 1 1.999054e+00 
9 48 1 1.999000e+00 
10 48 1 1.998983e+00 
11 48 1 1.999016e+00 
12 48 1 1.999121e+00 
13 48 1 1.999320e+00 
14 48 1 1.999596e+00 
15 48 1 1.999688e+00 
16 48 1 1.998249e+00 
17 48 1 1.989794e+00 
18 48 1 1.955790e+00 
19 48 1 1.852190e+00 
20 48 1 1.636644e+00 
21 48 1 1.359043e+00 
22 48 1 1.143879e+00 
23 48 1 1.040633e+00 
24 48 1 1.006806e+00 
25 48 1 9.984477e-01 
26 48 1 9.970937e-01 
27 48 1 9.972761e-01 
28 48 1 9.976541e-01 
29 48 1 9.979680e-01 
30 48 1 9.982014e-01 
31 48 1 9.983777e-01 
32 48 1 9.985183e-01 
33 48 1 9.986370e-01 
34 48 1 9.987425e-01 
35 48 1 9.988399e-01 
36 48 1 9.989324e-01 
37 48 1 9.990218e-01 
38 48 1 9.991092e-01 
39 48 1 9.991955e-01 
40 48 1 9.992811e-01 
41 48 1 9.993663e-01 
42 48 1 9.994511e-01 
43 48 1 9.995358e-01 
44 48 1 9.996203e-01 
45 48 1 9.997048e-01 
46 48 1 9.997892e-01 
47 48 1 9.998735e-01 
48 48 1 9.999579e-01 
49 48 1 1.000042e+00 

0 49 1 2.000077e+00 
1 49 1 1.999923e+00 
2 49 1 1.999772e+00 
3 49 1 1.999624e+00 
4 49 1 1.999484e+00 
5 49 1 1.999353e+00 
6 49 1 1.999235e+00 
7 49 1 1.999134e+00 
8 49 1 1.999054e+00 
9 49 1 1.999000e+00 
10 49 1 1.998983e+00 
11 49 1 1.999016e+00 
12 49 1 1.999121e+00 
13 49 1 1.999320e+00 
14 49 1 1.999596e+00 
15 49 1 1.999688e+00 
16 49 1 1.998249e+00 
17 49 1 1.989794e+00 
18 49 1 1.955790e+00 
19 49 1 1.852190e+00 
20 49 1 1.636644e+00 
21 49 1 1.359043e+00 
22 49 1 1.143879e+00 
23 49 1 1.040633e+00 
24 49 1 1.006806e+00 
25 49 1 9.984477e-01 
26 49 1 9.970937e-01 
27 49 1 9.972761e-01 
28 49 1 9.976541e-01 
29 49 1 9.979680e-01 
30 49 1 9.982014e-01 
31 49 1 9.983777e-01 
32 49 1 9.985183e-01 
33 49 1 9.986370e-01 
34 49 1 9.987425e-01 
35 49 1 9.988399e-01 
36 49 1 9.989324e-01 
37 49 1 9.990218e-01 
38 49 1 9.991092e-01 
39 49 1 9.991955e-01 
40 49 1 9.992811e-01 
41 49 1 9.993663e-01 
42 49 1 9.994511e-01 
43 49 1 9.995358e-01 
44 49 1 9.996203e-01 
45 49 1 9.997048e-01 
46 49 1 9.997892e-01 
47 49 1 9.998735e-01 
48 49 1 9.999579e-01 
49 49 1 1.000042e+00 

